0	1
0	486
1	2
2	3
3	4
4	5
5	6
6	7
7	8
8	487
9	10
9	486
10	11
11	12
12	13
13	14
14	15
15	16
16	17
17	489
18	19
18	486
19	20
20	21
21	22
22	23
23	24
24	25
25	26
26	495
27	28
27	487
28	29
29	30
30	31
31	32
32	33
33	34
34	35
35	488
36	37
36	487
37	38
38	39
39	40
40	41
41	42
42	43
43	44
44	490
45	46
45	487
46	47
47	48
48	49
49	50
50	51
51	52
52	53
53	496
54	55
54	488
55	56
56	57
57	58
58	59
59	60
60	61
61	62
62	491
63	64
63	488
64	65
65	66
66	67
67	68
68	69
69	70
70	71
71	497
72	73
72	489
73	74
74	75
75	76
76	77
77	78
78	79
79	80
80	490
81	82
81	489
82	83
83	84
84	85
85	86
86	87
87	88
88	89
89	492
90	91
90	489
91	92
92	93
93	94
94	95
95	96
96	97
97	98
98	498
99	100
99	490
100	101
101	102
102	103
103	104
104	105
105	106
106	107
107	491
108	109
108	490
109	110
110	111
111	112
112	113
113	114
114	115
115	116
116	493
117	118
117	490
118	119
119	120
120	121
121	122
122	123
123	124
124	125
125	499
126	127
126	491
127	128
128	129
129	130
130	131
131	132
132	133
133	134
134	494
135	136
135	491
136	137
137	138
138	139
139	140
140	141
141	142
142	143
143	500
144	145
144	492
145	146
146	147
147	148
148	149
149	150
150	151
151	152
152	493
153	154
153	492
154	155
155	156
156	157
157	158
158	159
159	160
160	161
161	501
162	163
162	493
163	164
164	165
165	166
166	167
167	168
168	169
169	170
170	494
171	172
171	493
172	173
173	174
174	175
175	176
176	177
177	178
178	179
179	502
180	181
180	494
181	182
182	183
183	184
184	185
185	186
186	187
187	188
188	503
189	190
189	495
190	191
191	192
192	193
193	194
194	195
195	196
196	197
197	496
198	199
198	495
199	200
200	201
201	202
202	203
203	204
204	205
205	206
206	498
207	208
207	495
208	209
209	210
210	211
211	212
212	213
213	214
214	215
215	504
216	217
216	496
217	218
218	219
219	220
220	221
221	222
222	223
223	224
224	497
225	226
225	496
226	227
227	228
228	229
229	230
230	231
231	232
232	233
233	499
234	235
234	496
235	236
236	237
237	238
238	239
239	240
240	241
241	242
242	505
243	244
243	497
244	245
245	246
246	247
247	248
248	249
249	250
250	251
251	500
252	253
252	497
253	254
254	255
255	256
256	257
257	258
258	259
259	260
260	506
261	262
261	498
262	263
263	264
264	265
265	266
266	267
267	268
268	269
269	499
270	271
270	498
271	272
272	273
273	274
274	275
275	276
276	277
277	278
278	501
279	280
279	498
280	281
281	282
282	283
283	284
284	285
285	286
286	287
287	507
288	289
288	499
289	290
290	291
291	292
292	293
293	294
294	295
295	296
296	500
297	298
297	499
298	299
299	300
300	301
301	302
302	303
303	304
304	305
305	502
306	307
306	499
307	308
308	309
309	310
310	311
311	312
312	313
313	314
314	508
315	316
315	500
316	317
317	318
318	319
319	320
320	321
321	322
322	323
323	503
324	325
324	500
325	326
326	327
327	328
328	329
329	330
330	331
331	332
332	509
333	334
333	501
334	335
335	336
336	337
337	338
338	339
339	340
340	341
341	502
342	343
342	501
343	344
344	345
345	346
346	347
347	348
348	349
349	350
350	510
351	352
351	502
352	353
353	354
354	355
355	356
356	357
357	358
358	359
359	503
360	361
360	502
361	362
362	363
363	364
364	365
365	366
366	367
367	368
368	511
369	370
369	503
370	371
371	372
372	373
373	374
374	375
375	376
376	377
377	512
378	379
378	504
379	380
380	381
381	382
382	383
383	384
384	385
385	386
386	505
387	388
387	504
388	389
389	390
390	391
391	392
392	393
393	394
394	395
395	507
396	397
396	505
397	398
398	399
399	400
400	401
401	402
402	403
403	404
404	506
405	406
405	505
406	407
407	408
408	409
409	410
410	411
411	412
412	413
413	508
414	415
414	506
415	416
416	417
417	418
418	419
419	420
420	421
421	422
422	509
423	424
423	507
424	425
425	426
426	427
427	428
428	429
429	430
430	431
431	508
432	433
432	507
433	434
434	435
435	436
436	437
437	438
438	439
439	440
440	510
441	442
441	508
442	443
443	444
444	445
445	446
446	447
447	448
448	449
449	509
450	451
450	508
451	452
452	453
453	454
454	455
455	456
456	457
457	458
458	511
459	460
459	509
460	461
461	462
462	463
463	464
464	465
465	466
466	467
467	512
468	469
468	510
469	470
470	471
471	472
472	473
473	474
474	475
475	476
476	511
477	478
477	511
478	479
479	480
480	481
481	482
482	483
483	484
484	485
485	512